[CrossSection]			#	(pb)
DYJetsToLL_amcatnlo_ext1	:	5765.40
Signal_LL			:	0.06063
Signal_LLpLTpTT			:	0.1828
Signal_LT			:	0.2658
Signal_TT			:	0.4365
TTbar_amcatnlo			:	831.76
TTbar_powheg			:	831.76
WJets100a			:	1627.45
WJets1200a			:	1.60809
WJets200a			:	435.24
WJets2500a			:	0.0389136
WJets400a			:	59.18
WJets600a			:	14.58
WJets800ext1			:	6.655
WJets_amcatnlo			:	61526.7
WJets_madgraph			:	61526.7
WW_excl_amcatnlo		:	49.997
WW_excla			:	49.997
WZ_excl_amcatnlo		:	10.71
ZZ_excl_amcatnlo		:	3.22
sch				:	11.36
tWch_bara			:	19.46
tWcha				:	19.46741
tch_bar				:	80.95
tch				:	136.02
	
	
[nEventsProcessed]		#	(# processed)	
DYJetsToLL_amcatnlo_ext1	:	49144274
Signal_LL			:	499800
Signal_LLpLTpTT			:	1	
Signal_LT			:	2471400
Signal_TT			:	4988000
TTbar_amcatnlo			:	43561608
TTbar_powheg			:	77229341
WJets100a			:	79356685
WJets1200a			:	6872441
WJets200a			:	39680891
WJets2500a			:	2637821
WJets400a			:	7759701
WJets600a			:	18687480
WJets800ext1			:	6200954
WJets_amcatnlo			:	24120319
WJets_madgraph			:	29705748
WW_excl_amcatnlo		:	5176114
WW_excla			:	8997800
WZ_excl_amcatnlo		:	24221923
ZZ_excl_amcatnlo		:	15345572
sch				:	1000000
tWch_bara			:	8681541
tWcha				:	8629641
tch_bar				:	38811017
tch				:	67240808
